A=[1:5;6:10;11:15;16:20]
c2=A(:,2)
r3=A(3,:)

A(4,:)=zeros()
A=[1:5;6:10;11:15;16:20];
A(:,end-1)=-ones()
