%u + v + w = 2
%2u + 3w = 5
%3u + v + 4w = 6
A=[1 1 1;2 0 3;3 1 4];
b=[2;5;6];
x=A\b


%2x - y = 2
%x + y = 5
%6x - y = -5
A=[2 -1;1 1;6 -1];
b=[2;5;-5];
x=A\b